1 0.151250 0.844444 0.117500 0.213333
1 0.066250 0.591111 0.102500 0.142222
1 0.276250 0.415556 0.092500 0.173333
1 0.360000 0.364444 0.065000 0.133333
2 0.455000 0.315556 0.070000 0.124444
1 0.583750 0.284444 0.062500 0.115556
1 0.212500 0.186667 0.055000 0.097778
2 0.075000 0.202222 0.035000 0.075556
1 0.481250 0.126667 0.037500 0.075556
2 0.657500 0.171111 0.045000 0.075556
1 0.627500 0.273333 0.025000 0.093333
1 0.700000 0.062222 0.020000 0.044444
1 0.957500 0.322222 0.025000 0.102222
2 0.830000 0.091111 0.030000 0.084444
