1 0.137500 0.442478 0.065000 0.106195
1 0.143750 0.303097 0.057500 0.084071
1 0.276250 0.345133 0.047500 0.079646
1 0.236250 0.199115 0.052500 0.097345
1 0.195000 0.683628 0.075000 0.146018
1 0.265000 0.794248 0.075000 0.154867
1 0.368750 0.179204 0.037500 0.066372
1 0.572500 0.137168 0.040000 0.079646
1 0.621250 0.210177 0.062500 0.110619
1 0.483750 0.800885 0.042500 0.106195
1 0.433750 0.838496 0.042500 0.154867
1 0.680000 0.123894 0.050000 0.088496
1 0.677500 0.243363 0.040000 0.061947
1 0.727500 0.152655 0.045000 0.075221
1 0.762500 0.256637 0.045000 0.079646
1 0.892500 0.743363 0.080000 0.123894
