1 0.141250 0.291367 0.022500 0.035971
1 0.113750 0.573741 0.027500 0.039568
1 0.161250 0.634892 0.022500 0.039568
1 0.213750 0.251799 0.017500 0.021583
1 0.267500 0.291367 0.020000 0.028777
1 0.286250 0.453237 0.017500 0.028777
2 0.291250 0.564748 0.027500 0.043165
1 0.403750 0.120504 0.012500 0.025180
1 0.347500 0.242806 0.020000 0.032374
1 0.301250 0.273381 0.017500 0.028777
1 0.678750 0.140288 0.012500 0.021583
1 0.740000 0.145683 0.015000 0.025180
1 0.646250 0.172662 0.017500 0.021583
2 0.625000 0.190647 0.020000 0.028777
1 0.841250 0.093525 0.012500 0.021583
1 0.960000 0.032374 0.010000 0.021583
1 0.996250 0.073741 0.012500 0.017986
